13.3979
16.3236
18.9939
19.2726
19.5744
19.8763
20.4568
21.0373
21.3391
21.641
21.9196
22.2215
22.802
23.1039
23.3825
23.6844
23.9862
24.172
24.5667
25.1472
25.7509
26.0296
26.9351
27.5156
28.0961
28.3748
28.6766
28.8856
29.2804
29.8609
30.4646
31.0451
31.3237
31.6256
32.2293
32.5079
32.8098
33.1117
33.3903
33.5993
33.994
34.5513
34.8532
35.155
35.4337
36.3392
38.3826
38.9863
39.59
40.1705
40.751
41.3547
41.9352
42.5157
43.0962
43.7464
44.3269
44.8842
45.4879
46.0452
46.6721
47.2758
47.8331
48.4136
48.9941
49.5978
50.1551
50.7588
51.3625
51.943
52.5235
53.104
53.6845
55.1938