0.743
1.9273
3.1115
4.2725
5.4567
6.6409
7.8019
8.9861
10.1703
11.3313
12.5156
13.6998
14.8608
16.045
17.2292
38.1039
38.2897
38.3826
38.5683
38.6844
38.9863
39.2649
39.4507
39.5668
39.7526
39.8687
40.1473
40.4492
40.751
41.0297
41.3315
41.6334
41.8191
41.912
42.0978
42.2139
42.3996
42.5157
42.8176
43.0034
43.0962
43.282
43.3981
43.6767
43.9786
44.1644
44.2805
44.4662
44.5823
44.861
45.1628
45.4647
45.7433
46.0452
46.347
46.5328
46.6257
46.8114
46.9275
47.1133
47.2294
47.508
47.717
47.9956
48.1117
48.3904
48.5994
48.9941
49.1799
49.2727
49.5746
49.8765
50.0622
50.457
50.7588
50.9678
51.2232
51.3393
51.6412
51.943
52.1288
52.2217
52.4307
52.5235
52.7093
53.0112
53.104
53.313
53.4059
53.5917
54.2186
54.5901
54.892
55.1706
55.4725