0.743
1.9273
3.1115
4.2725
5.4567
6.6177
6.6409
7.8019
8.9861
10.1703
11.3313
12.5156
13.6998
14.0016
14.8608
15.7431
16.045
16.3236
16.9273
17.206
17.2292
17.5078
38.1039
38.3826
38.5683
38.6844
38.9863
39.2649
39.4507
39.5668
39.7526
39.8687
40.1473
40.4492
40.751
41.0297
41.3315
41.6334
41.912
42.0978
42.2139
42.3996
42.5157
42.7944
43.0962
43.282
43.3981
43.6767
43.9786
44.1644
44.2805
44.5591
44.861
45.1628
45.3486
45.4647
45.7433
46.0452
46.3238
46.6257
46.8114
46.9275
47.1133
47.2294
47.508
47.717
47.9956
48.1117
48.3904
48.6922
48.878
48.9941
49.2727
49.5746
49.8532
50.0622
50.3409
50.457
50.7588
51.0375
51.2232
51.3393
51.5251
51.6412
51.9198
52.2217
52.4074
52.5235
52.7093
53.104
53.4059
53.6845
53.8703
53.9864
54.2418
54.5901
54.8688
55.1706
55.5421