0.743
1.9273
3.1115
4.2725
5.4567
6.6177
6.6409
7.8019
8.9861
10.1703
11.3313
12.5156
13.3979
13.6998
14.0016
14.8608
15.7431
16.045
16.3236
16.9273
17.206
17.2292
17.5078
18.9939
19.2726
19.5744
19.8763
20.4568
21.0373
21.3391
21.641
21.9196
22.2215
22.802
23.1039
23.3825
23.6844
23.9862
24.172
24.5667
25.1472
25.7509
26.0296
26.9351
27.5156
28.0961
28.3748
28.6766
28.8856
29.2804
29.8609
30.4646
31.0451
31.3237
31.6256
32.2293
32.5079
32.8098
33.1117
33.3903
33.5993
33.994
34.5513
34.8532
35.155
35.4337
36.3392
38.1039
38.3826
38.5683
38.6844
38.9863
39.2649
39.4507
39.5668
39.59
39.7526
39.8687
40.1473
40.1705
40.4492
40.751
41.0297
41.3315
41.3547
41.6334
41.912
41.9352
42.0978
42.2139
42.3996
42.5157
42.7944
43.0962
43.282
43.3981
43.6767
43.7464
43.9786
44.1644
44.2805
44.3269
44.5591
44.861
44.8842
45.1628
45.3486
45.4647
45.4879
45.7433
46.0452
46.3238
46.6257
46.6721
46.8114
46.9275
47.1133
47.2294
47.2758
47.508
47.717
47.8331
47.9956
48.1117
48.3904
48.4136
48.6922
48.878
48.9941
49.2727
49.5746
49.5978
49.8532
50.0622
50.1551
50.3409
50.457
50.7588
51.0375
51.2232
51.3393
51.3625
51.5251
51.6412
51.9198
51.943
52.2217
52.4074
52.5235
52.7093
53.104
53.4059
53.6845
53.8703
53.9864
54.2418
54.5901
54.8688
55.1706
55.1938
55.5421