28.9785
30.1627
31.3237
32.5079
33.6922
34.8764
35.7355
36.0374
45.1628
47.2294
47.7170
48.1117
48.5994
48.9941
49.5746
50.0622
50.4570
51.3393
51.6412
51.9430
52.2217
52.4307
52.5235
52.7093
52.8254
53.0112
53.1040
53.4059
53.5917
54.2186
56.6335
56.9353
57.2140
57.5158
57.7945
58.0963
58.2821
58.3982
58.7000
58.9787
59.2805
59.5592
59.8610
60.1629
60.4648
60.7434
61.0453
61.3239
61.6490
61.9276
62.2295
62.5081
62.8100
62.9957
63.0886
63.3905
63.6923
63.9942
64.2728
64.5747
64.8533
65.1552
65.4571
65.7589
66.0376
66.3394
66.6180
66.9431
67.2218
67.5236
67.8023
68.1041
68.3828
68.6846
68.9865
69.2883
69.5670
69.8688
70.1475
70.4726
71.0531
71.3317
71.6336
72.2373
72.5159
72.8178
75.4416
75.7667
76.0454
76.3472
76.6259
76.9277
77.2063
77.5082
77.8101
78.1119
78.3906
78.6924
78.9711
79.2961
79.5748
79.8766
80.1553
80.4571
80.7358
81.0376
81.3395
81.6414
81.9200
82.2219
82.5005
82.8024
83.1042
83.4061
83.6847
83.9866
84.2652
84.5671
84.8689
85.1708
85.4494
85.7513
86.0299
86.3550
86.6337
86.9355
87.2141
87.5160
87.7946
88.1197
88.3984
88.7002
88.9789
89.2807
89.5594
89.8612
90.1631
90.4649
90.7436
91.0454
91.3241
91.6492
91.9278
92.2297
92.5083
92.8102
93.1120
93.4139
93.5996
93.7157
93.9944
94.2962
132.5163
133.7005
134.5596
134.8615
136.0457
138.3909
139.5751
150.7439
151.2316
151.6263
151.9282
152.2068
152.5087
153.0892
153.6929
153.9715
154.2734
154.5752
154.8539
155.4576
155.7362
156.0381
156.2239
156.3167
156.6186
156.9205
157.2223
160.1480
160.4731
160.6356
161.0304
161.4019
161.6341
161.8199
162.2378
162.4932
162.8183
163.0041
163.3988
163.7703
163.9793
164.5830
165.1635
165.7440
166.1156
166.3478
166.6264
166.9283
167.2069
167.5320
168.1125
168.4608
168.6930
168.9716
169.2967
169.5753
169.8772
170.4577
170.8292
171.0614
171.6883
171.9205
172.2456
172.8261
173.1744
173.4066
173.9871
174.6373
175.1481
175.5196
175.7518
176.3556
178.9794
179.2813
179.5599
179.8618
180.1636
180.4655
180.7441
181.0460
181.3246
181.6497
181.9283
182.2302
182.5088
182.8107
183.0893
183.3912
183.6931
183.9949
184.2736
184.5754
184.8541
185.1559
185.4578
185.7596
186.0383
186.3401
186.6188
186.9206
187.2225
187.5244
187.7101
187.8030
188.1049
188.3835
188.6854
188.9872
189.2891
189.5677
189.8696
190.1482
190.4501
190.7519
191.0538
191.3324
191.6343
191.9129
192.2148
192.5166
192.8185
193.0971
193.3990
193.6776
194.0027
194.2814
194.5832
194.7690
194.8619
195.1637
195.4424
195.7674
196.0461
196.3479
196.6498
196.9284
197.1142
197.2303
197.5089
197.7876
198.1127
198.3913
198.6932
198.9718
199.2737
199.5755
199.8774
200.1560
200.4579
200.6436
200.7365
201.0384
201.3402
201.6421
201.8046
201.9207
202.2226
202.5012
202.8031
203.1049
203.4068
203.6854
203.9873
204.2659
204.5678
204.8697
205.1715
205.4502
205.7520
206.0307
206.3557
206.6344
206.9362
207.2149
207.5167
207.7954
208.0972
208.3991
208.7010
208.9796
209.2815
209.5601
209.8852
210.0477
210.1638
210.4657
210.7443
211.0462
211.2319
211.3248
211.6267
211.9285
212.2304
212.5090
212.8109
213.0895
213.3914
213.6932
213.9951
214.2737
214.5756
214.8542
215.1793
215.4580
215.7598
216.0385
216.3403
