18.9707
19.2726
19.4583
19.5744
19.8763
20.1549
20.4568
20.7354
21.0373
21.3391
21.6410
21.8035
21.9429
22.2215
22.8020
23.1039
23.4057
23.6844
23.9862
24.1720
24.5667
25.1472
25.4491
25.7509
26.0296
26.5172
26.6333
26.9351
27.2138
27.5156
27.8175
28.0961
28.3980
28.6999
28.9785
29.2804
29.5590
29.8376
30.4646
30.7432
31.0451
31.2308
31.3237
31.6488
32.2061
32.5312
32.8098
33.0884
33.4135
33.5761
33.9940
34.5745
34.8532
35.1550
35.4337
35.7355
35.9213
36.3392
36.6179
36.9197
37.2216
37.5234
37.8485
38.4058
39.0095
39.5900
40.1937
40.7742
41.3780
41.9352
42.5390
43.0962
43.7464
44.3269
44.8610
44.9306
45.5111
46.0916
46.6721
47.2294
47.3687
47.8563
48.4136
48.9941
49.6210
50.2015
50.7588
51.4090
51.6412
51.9663
52.5468
53.1040
53.7310
54.5669
54.8920
55.1706
55.4957
