0.1625
8.1038
8.9861
9.2880
9.5666
10.0542
10.4490
11.2385
11.6332
12.2137
12.7013
12.8174
13.0961
13.3979
13.6766
13.8855
13.9784
14.2803
14.5589
14.8608
15.0698
15.1859
15.7431
16.0450
16.3468
16.6255
16.9273
17.2292
17.5311
18.9707
19.2726
19.4583
19.5744
19.7602
19.8531
20.1549
20.4568
20.6425
20.7354
20.9212
21.0373
21.3391
21.6178
21.8268
21.9196
22.2215
22.5001
22.8020
22.9878
23.1039
23.2896
23.3825
23.5683
23.6844
23.9862
24.1720
24.2649
24.4506
24.5667
24.8686
25.1472
25.3330
25.4491
25.6348
25.7509
26.0296
26.3314
26.5172
26.6333
26.9119
27.2138
27.5156
27.7014
27.7943
27.9800
28.0961
28.2819
28.3980
28.6766
28.8856
28.9785
29.1643
29.2804
29.5590
29.8609
30.0466
30.1395
30.3485
30.4414
30.7432
31.0451
31.2308
31.3237
31.6256
31.9274
32.2061
32.3918
32.5079
32.6937
32.8098
32.9956
33.0884
33.3903
33.5761
33.6922
33.8779
33.9708
34.2727
34.5745
34.7603
34.8532
35.0389
35.1550
35.4569
35.7355
35.9445
36.0374
36.3392
36.6179
36.9197
37.1055
37.2216
37.4073
37.5002
37.6860
37.8021
38.1039
38.2897
38.3826
38.5683
38.6844
38.9863
39.2649
39.4507
39.5668
39.7526
39.8687
40.1473
40.4492
40.6349
40.7510
41.0297
41.3315
41.6334
41.8191
41.9120
42.0978
42.2139
42.3996
42.5157
42.7944
43.0034
43.0962
43.2820
43.3981
43.6767
43.9786
44.1644
44.2805
44.4662
44.5591
44.8610
45.1628
45.3486
45.4415
45.7433
46.0452
46.3238
46.5328
46.6257
46.8114
46.9275
47.1133
47.2294
47.5080
47.6938
47.8099
47.9956
48.0885
48.3904
48.6922
48.8780
48.9709
49.1799
49.2727
49.5746
49.8532
50.0622
50.1551
50.3409
50.4570
50.7588
51.0375
51.2232
51.3393
51.5251
51.6180
51.9198
52.2217
52.4074
52.5235
52.6861
52.8022
53.1040
53.3827
53.5917
53.6845
53.8703
53.9864
54.2650
54.5669
54.8688
55.1474
55.5189
55.7511
56.0298
56.3316
56.6102
57.0979
57.2140
57.5158
57.7945
58.1195
58.2821
58.3982
58.9555
59.1644
59.4431
59.5592
59.7449
60.0468
60.1629
60.4880
60.7434
61.2310
61.8115
61.9276
62.5081
62.8100
62.9957
63.0886
63.6691
63.8781
64.1567
64.2728
64.4818
64.5747
64.8533
65.3410
66.0143
66.5252
66.6180
67.2218
67.5701
67.7094
67.8023
68.1041
68.3828
68.6846
68.8704
68.9865
69.1722
69.4509
69.5670
69.8688
70.0546
70.4493
71.2156
71.3317
71.9122
72.2373
72.3998
72.5159
73.0732
73.9788
74.8611
75.1630
75.4416
75.9293
76.0454
76.6259
76.9277
77.1135
77.2063
77.5082
77.7868
78.3906
78.9711
79.2729
79.4587
79.5748
79.8766
80.6429
80.7358
81.0376
81.3163
81.6414
81.8271
81.9200
82.5005
82.8024
82.9881
83.1042
83.4061
83.6847
83.9866
84.1723
84.6367
84.8457
85.1708
85.4494
86.0299
86.3782
86.5176
86.6337
86.8426
86.9355
87.2141
87.5160
87.7018
88.2823
88.7002
88.9789
89.5594
89.8844
90.1399
90.4417
91.0454
91.3241
91.6259
91.9046
92.5083
92.8102
93.0888
93.4139
93.5996
93.9944
94.5749
95.1786
95.7591
95.9913
96.3396
97.2220
97.5238
97.8024
98.1043
98.6848
99.2885
99.9155
106.4867
111.6415
116.3552
120.6044
121.0456
122.5085
122.8103
122.9961
123.0890
123.2747
123.3908
123.6927
123.9713
124.1571
124.2732
124.4590
124.5751
124.8537
125.1556
125.3413
125.4342
125.7361
126.0379
126.3398
126.5255
126.6184
126.8042
126.9203
127.1060
127.2221
127.5008
127.6865
127.8026
127.9884
128.1045
128.3831
128.6850
128.8707
128.9868
129.1726
129.2655
129.5673
129.8692
130.0550
130.1478
130.4497
130.7516
131.0302
131.2160
131.3321
131.5178
131.6339
131.8197
131.9126
132.2144
132.4002
132.5163
132.7020
132.7949
133.0968
133.3986
133.5844
133.6773
133.8630
133.9791
134.2810
134.5596
134.7454
134.8615
135.1634
135.4420
135.7439
135.9296
136.0457
136.2315
136.3244
136.5101
136.6262
136.9281
137.1138
137.2067
137.3925
137.5086
137.8104
138.0891
138.2748
138.3909
138.5767
138.6928
138.9714
139.2733
139.4590
139.5751
139.8538
140.1556
140.4575
140.6433
140.7361
140.9219
141.0380
141.2238
141.3399
141.6185
141.8043
141.9204
142.1061
142.2222
142.5009
142.8027
142.9885
143.1046
143.2903
143.3832
143.7083
143.9869
144.2656
144.5674
144.8693
145.1479
145.3337
145.4498
145.6356
145.7517
145.9374
146.0303
146.3322
146.5179
146.6340
146.8198
146.9127
147.2145
147.5164
147.7021
147.7950
147.9808
148.0969
148.3987
148.6774
148.8631
148.9792
149.2811
149.5597
149.8616
150.0473
150.1634
150.4421
150.6278
150.7439
151.0458
151.2316
151.3244
151.5102
151.6263
151.9282
152.1139
152.2068
152.4158
152.5087
152.6944
152.8105
153.0892
153.3910
153.5768
153.6929
153.8786
153.9715
154.1805
154.2734
154.5752
154.7610
154.8771
155.0396
155.1557
155.3415
155.4576
155.7362
155.9452
156.0381
156.2239
156.3400
156.5257
156.6186
156.9205
157.1062
157.2223
157.4081
157.5010
158.6852
159.5675
159.8694
160.1480
160.6356
160.9375
161.0304
161.2858
161.6341
161.8199
162.0985
162.4932
162.8183
163.2827
163.3988
163.7007
163.9793
164.1651
164.4669
164.5598
165.3261
165.6512
165.7440
166.0459
166.3478
166.5335
166.6264
166.8122
167.2069
167.4159
167.6945
167.9964
168.2054
168.3911
168.7394
168.9716
169.5521
169.9004
170.7131
171.0846
171.2239
171.5258
171.8973
172.2224
172.4082
172.6868
172.9887
173.1048
173.3834
173.5692
173.8710
173.9871
174.7534
175.0552
175.1481
175.3339
175.7751
175.9376
176.0305
176.2395
176.5878
177.5166
178.3989
178.9794
179.4670
179.5599
180.1404
180.4655
180.6512
180.7441
181.0460
181.8122
181.9283
182.5088
182.8107
182.9965
183.0893
183.3912
183.9949
184.1575
184.2736
184.8541
185.1791
185.3417
185.4578
186.0151
186.5259
186.6188
187.0832
187.5940
187.7101
188.1049
188.2906
188.8711
188.9872
189.1730
189.2891
189.5677
189.8696
190.0553
190.3572
190.7287
191.1002
191.3324
191.6343
191.9129
192.2380
192.4934
193.0043
193.0971
193.5848
193.6776
193.9795
194.5832
194.7690
194.8619
195.4424
195.7442
196.0461
196.4873
196.6266
196.9284
197.1142
197.5089
198.2752
198.3913
198.9718
199.2737
199.5523
199.8541
200.6436
200.7365
201.0384
201.3170
201.8046
201.9207
202.2226
202.5012
202.8495
203.0817
203.4068
204.0105
204.1731
204.2659
204.5678
204.8464
205.3341
205.4502
205.7520
206.0307
206.5183
206.6344
206.9362
207.2149
207.5400
207.7954
208.3759
208.7010
208.8635
208.9796
209.1654
209.2815
209.5601
209.8620
210.0477
210.1638
210.4424
210.7443
211.0462
211.2319
211.3248
211.6267
211.9285
212.3929
212.5090
213.0895
213.4146
213.5771
213.6700
213.8790
213.9719
214.7614
214.8542
215.1561
215.4580
215.9224
216.3403
217.1530
218.4069
218.9177
219.8698
220.1484
